abigale_balisteri:
  login: abigale
  account: balisteri
  karma: 20
  voting_power: 1
  created_at: 2013-05-13 10:19:04.000000000 Z
  updated_at: 2013-05-13 10:19:04.000000000 Z
  state: 0
